Number of clusters: 5
Memory:
1400
1398
1404
349
350.4

Dimension:
2
2
2
1
1.00114

Weight:
700
699
702
349
350

============================================
Results:

Dim:	2
Memory:	1400
Weight:	700
Mean:	(1.19001,-1.50028,0.592038)
Covariance matrix:
1.11887 -0.069599 -0.429349 
-0.069599 1.25072 2.72582 
-0.429349 2.72582 6.01037 

Dim:	2
Memory:	1398
Weight:	699
Mean:	(-1.24784,0.643014,-0.872518)
Covariance matrix:
0.876698 -0.461477 -1.26254 
-0.461477 0.760295 -0.760675 
-1.26254 -0.760675 5.74614 

Dim:	2
Memory:	1404
Weight:	702
Mean:	(-1.61739,-0.317148,-1.3761)
Covariance matrix:
1.09388 1.25105 -0.343354 
1.25105 4.31879 2.57277 
-0.343354 2.57277 3.15318 

Dim:	1
Memory:	349
Weight:	349
Mean:	(-0.811043,0.780023,0.781279)
Covariance matrix:
0.229026 0.99636 0.344071 
0.99636 4.33659 1.49749 
0.344071 1.49749 0.517212 

Dim:	1.00114
Memory:	350.4
Weight:	350
Mean:	(0.611438,0.388629,-0.652549)
Covariance matrix:
1.85583 -1.12439 -3.14378 
-1.12439 0.681358 1.90483 
-3.14378 1.90483 5.326 


============================================
E = 0.34636
