Number of clusters: 5
Memory:
2045
349
350
1394
1406

Dimension:
2.91726
1
1
2
2

Weight:
701
349
350
697
703

============================================
Results:

Dim:	2.91726
Memory:	2045
Weight:	701
Mean:	(-1.2409,0.633482,-0.865846)
Covariance matrix:
0.89343 -0.479993 -1.25809 
-0.479993 0.78149 -0.767121 
-1.25809 -0.767121 5.75039 

Eigenvalues: 0.000116062, 1.29263, 6.13256, 

Dim:	1
Memory:	349
Weight:	349
Mean:	(-0.811043,0.780023,0.781279)
Covariance matrix:
0.229026 0.99636 0.344071 
0.99636 4.33659 1.49749 
0.344071 1.49749 0.517212 

Eigenvalues: 9.07612e-05, 0.000101567, 5.08263, 

Dim:	1
Memory:	350
Weight:	350
Mean:	(0.611438,0.388629,-0.652549)
Covariance matrix:
1.85583 -1.12439 -3.14378 
-1.12439 0.681358 1.90483 
-3.14378 1.90483 5.326 

Eigenvalues: 8.877e-05, 0.000112345, 7.863, 

Dim:	2
Memory:	1394
Weight:	697
Mean:	(1.19315,-1.49981,0.592386)
Covariance matrix:
1.11446 -0.0667729 -0.421979 
-0.0667729 1.25431 2.73276 
-0.421979 2.73276 6.02325 

Eigenvalues: 9.4479e-05, 1.09889, 7.29303, 

Dim:	2
Memory:	1406
Weight:	703
Mean:	(-1.6165,-0.315893,-1.37613)
Covariance matrix:
1.09288 1.25005 -0.342886 
1.25005 4.31375 2.56908 
-0.342886 2.56908 3.1487 

Eigenvalues: 9.70231e-05, 2.0774, 6.47783, 


============================================
E = 0.278303
